acc = 0.45889404712934123
eval_loss = 11.865774490555426
global_step = 4256
loss = 5.518917808295193
