acc = 0.8086795048143054
eval_loss = 0.5264914307709492
global_step = 109050
loss = 0.0898815178326282
